
Palestine
252357,252357
252363,252382
252399,252462
 
 
Uzbekistan
252316,252316
252337,252356
 
 
Cameroon
252313,252313
252317,252336
 
 
Cuba
252358,252362
252383,252398
 
 
Yemen
225688,225688
225693,225712
252911,252974
 
 
Suriname
98835,98855
 
 
Barbados
123209,123209
123212,123215
123224,123239
 
 
Bahrain
123188,123208
253231,253294
 
 
Maldives
245935,245935
245937,245940
245945,245960
 
 
Oman
225713,225733
253423,253486
 
 
Tanzania
238790,238790
238859,238862
239135,239150
 
 
Qatar
238789,238789
238855,238858
239119,239134
253295,253358
 
 
Ghana
229916,229916
229922,229925
229942,229957
 
 
Syria
238748,238748
238753,238756
238773,238788
253743,253806
 
 
Cambodia
237126,237146
 
 
Mongolia
123090,123110
 
 
Cape Verde
123210,123210
123216,123219
123240,123255
 
 
Côte d’Ivoire
123211,123211
123220,123223
123256,123271
 
 
Mozambique
225734,225734
225736,225755
 
 
Iraq
200092,200112
252463,252526
 
 
Trinidad &amp; Tobago
98772,98792
 
 
Benin
238747,238747
238749,238752
238757,238772
 
 
Jordan
88390,88390
88395,88414
252847,252910
 
 
Kyrgyzstan
88341,88345
88366,88381
 
 
Uganda
245936,245936
245941,245944
245961,245976
 
 
Angola
209686,209686
209688,209707
 
 
Brunei
229917,229921
229926,229941
 
 
Kuwait
200087,200091
208390,208405
252527,252590
 
 
Bangladesh
209729,209749
 
 
Nicaragua
98793,98813
 
 
Lebanon
123111,123131
253359,253422
 
 
Pakistan
32093,32113
 
 
Senegal
123132,123132
123134,123137
123142,123157
 
 
Kenya
60149,60149
60164,60167
60208,60223
249625,249688
 
 
Honduras
88257,88257
88264,88267
88276,88291
 
 
Armenia
123133,123133
123138,123141
123158,123173
 
 
El Salvador
88256,88256
88260,88263
88292,88307
238791,238854
 
 
Dominican Republic
57539,57559
 
 
Chinese Taipei
13531,13551
98452,98515
116520,116775
 
 
Saudi Arabia
48896,48916
245871,245934
253487,253742
 
 
Jamaica
60148,60148
60160,60163
60224,60239
249049,249112
 
 
Nigeria
34872,34876
34917,34932
251993,252056
 
 
United Arab Emirates
56880,56880
56885,56888
56905,56920
239407,239470
254063,254318
 
 
Philippines
11429,11449
88852,88915
 
 
Northern Ireland
60150,60150
60168,60171
60192,60207
88468,88531
 
 
Andorra
88385,88385
88391,88394
88415,88430
238619,238682
 
 
Faroe Islands
34871,34871
34877,34880
34933,34948
48832,48895
208406,208661
 
 
Liechtenstein
123048,123068
203590,203653
 
 
Guatemala
88447,88467
203462,203525
 
 
South Africa
3161,3165
9351,9366
68656,68719
 
 
Algeria
123069,123089
225756,225819
252975,253230
 
 
Iceland
4200,4204
8038,8053
18500,18563
 
 
Egypt
3398,3402
9367,9382
57434,57497
238171,238426
 
 
Azerbaijan
201137,201157
238555,238618
 
 
Wales
16623,16643
21833,21896
203206,203461
 
 
Kazakhstan
98814,98834
238427,238490
 
 
Tunisia
53781,53801
238491,238554
253807,254062
 
 
Panama
60151,60151
60172,60191
76416,76479
116904,117159
 
 
Morocco
34870,34870
34881,34884
34949,34964
208262,208325
252591,252846
 
 
Montenegro
209708,209728
216918,216981
 
 
Ecuador
34841,34841
34862,34865
34885,34900
116840,116903
 
 
Costa Rica
56879,56879
56881,56884
56889,56904
76288,76351
 
 
Singapore
4211,4211
4278,4361
16644,16899
 
 
Hong Kong
13508,13528
13616,13679
98516,98771
237147,238170
 
 
Thailand
3119,3139
3790,3853
16964,17219
 
 
Luxembourg
57433,57433
57498,57517
115304,115367
 
 
India
3488,3572
249689,249944
 
 
Malaysia
4213,4213
8735,8754
16900,16963
49429,49684
 
 
Malta
88258,88258
88268,88271
88324,88339
88788,88851
203654,203909
 
 
Cyprus
57560,57580
115368,115431
218006,218261
 
 
Japan
3594,3614
65456,65519
117160,117415
 
 
FYR Macedonia
60147,60147
60156,60159
60256,60271
115432,115495
218262,218517
 
 
Belarus
60146,60146
60152,60155
60240,60255
115240,115303
245615,245870
 
 
Paraguay
42133,42133
42135,42154
76224,76287
203910,204165
 
 
Albania
88340,88340
88346,88365
208326,208389
252057,252312
 
 
Moldova
88259,88259
88272,88275
88308,88323
116776,116839
238863,239118
 
 
Scotland
3166,3186
8054,8117
29789,30044
 
 
Bolivia
34840,34840
34866,34869
34901,34916
48704,48767
66096,66351
117672,118695
 
 
Ireland
3573,3593
8775,8838
34583,34838
 
 
Indonesia
11408,11428
13701,13764
57177,57432
 
 
Vietnam
28425,28445
76352,76415
249369,249624
 
 
South Korea
3140,3160
98132,98195
117416,117671
243567,244590
 
 
Canada
3314,3334
8630,8693
12964,13219
208662,209685
 
 
Georgia
88382,88382
88386,88389
88431,88446
238683,238746
249113,249368
 
 
People's Republic of China
3356,3376
13552,13615
98196,98451
114216,115239
232006,233029
 
 
Ukraine
33138,33158
65520,65583
122792,123047
248025,249048
 
 
Estonia
11366,11386
11492,11555
13829,14084
50709,51732
 
 
Oceania
3208,3228
4214,4277
9095,9350
51733,52756
 
 
Venezuela
3008,3012
13476,13491
33607,33670
56921,57176
113192,114215
 
 
Latvia
11450,11470
14149,14212
28446,28701
84160,85183
 
 
Russia
3187,3207
21897,21960
76480,76735
216982,218005
 
 
Bosnia and Herzegovina
29726,29746
48768,48831
66352,66607
201158,202181
 
 
Mexico
682,702
2944,3007
25033,25288
76992,78015
 
 
Lithuania
29747,29767
33687,33750
59885,60140
83136,84159
 
 
Uruguay
3013,3033
33159,33222
33815,34070
79040,80063
 
 
Slovenia
14213,14233
18889,18952
65584,65839
138632,139655
 
 
USA
597,681
8374,8629
27337,28360
 
 
Peru
3615,3619
13492,13507
33223,33286
49173,49428
85184,86207
202182,203205
 
 
Serbia
11471,11491
33751,33814
76736,76991
137608,138631
 
 
Colombia
3377,3397
33287,33350
34071,34326
66608,67631
136584,137607
 
 
Bulgaria
14234,14254
18953,19016
65840,66095
82112,83135
 
 
Slovakia
29768,29788
65392,65455
88532,88787
139656,140679
 
 
Croatia
11387,11407
14255,14318
19017,19272
110120,111143
 
 
England
512,596
6348,7627
118696,119719
 
 
Austria
4205,4205
8755,8774
9639,9702
17220,17475
37013,38036
206214,207237
 
 
Greece
11345,11365
13765,13828
34327,34582
112168,113191
 
 
Iran
57518,57538
203526,203589
239151,239406
244591,245614
 
 
Norway
2110,2194
7628,7883
19529,20552
133512,134535
 
 
Israel
13680,13700
18569,18888
42155,43178
135560,136583
229958,232005
 
 
Brazil
3229,3313
11047,11302
52757,53780
88916,89939
204166,205189
207238,208261
 
 
Czech Republic
11303,11323
14085,14148
59629,59884
111144,112167
209750,210773
 
 
Denmark
1769,2109
24009,25032
49685,50708
70768,71791
115496,116519
146824,147847
186760,187783
 
 
Chile
3335,3355
28361,28424
33351,33606
34965,35988
87232,88255
120744,121767
153992,155015
 
 
Hungary
11324,11344
11556,11619
19273,19528
71792,72815
205190,206213
249945,251992
 
 
Sweden
341
745,1768
4426,5449
11684,12707
55850,56873
140680,141703
142728,143751
 
 
Argentina
342,426
13220,13475
26313,27336
40085,41108
54826,55849
61296,62319
149896,151943
 
 
Finland
2280,2364
8839,9094
31069,32092
68720,69743
97108,98131
131464,132487
151944,152967
188808,189831
 
 
Turkey
3098,3118
4362,4425
48917,49172
81088,82111
134536,135559
212822,214869
245977,248024
 
 
Belgium
8714,8734
9703,9766
12708,12963
22985,24008
39061,40084
63344,64367
91988,93011
182664,183687
191880,192903
 
 
Portugal
3705,3789
9767,11046
69744,70767
90964,91987
107048,108071
175496,176519
177544,178567
233030,237125
 
 
Romania
3854,4194
21961,22984
86208,87231
109096,110119
147848,148871
 
 
Netherlands
2195,2279
8118,8373
17476,18499
25289,26312
44539,45562
62320,63343
95060,96083
152968,153991
159112,160135
161160,162183
164232,165255
169352,170375
 
 
Switzerland
4206,4206
8694,8713
11620,11683
16367,16622
20553,21576
30045,31068
57581,58604
78016,79039
93012,94035
172424,173447
180616,181639
183688,186759
 
 
France
703,723
5450,5513
21577,21832
35989,37012
72816,73839
119720,120743
144776,145799
219544,221591
 
 
Poland
3620,3704
9383,9638
32114,33137
58605,59628
108072,109095
130440,131463
162184,163207
165256,166279
225820,229915
 
 
Germany
427,511
6092,6347
15343,16366
41109,42132
64368,65391
80064,81087
101928,102951
141704,142727
143752,144775
148872,149895
155016,156039
160136,161159
 
 
Spain
3403,3487
5514,5751
5754,5771
14319,15342
38037,39060
53802,54825
60272,61295
96084,97107
98856,99879
166280,167303
170376,171399
176520,177543
178568,179591
181640,182663
197015,200086
 
 
Italy
724,744
5772,6091
28702,29725
67632,68655
89940,90963
106024,107047
129416,130439
145800,146823
189832,190855
210774,211797
214870,216917
239471,243566
 
 